tools/accesories	0	
bad	12	247471406076530688,1;237538400809390080,1;273903393993531394,1;252554428547203072,1;249534143791247360,1;273869252329619456,1;266976721784414208,1;267128112419057664,1;267369384337625088,1;285126982382002178,1;274976863187791872,1;252554432749903874,1;
japan	8	258827941335683072,1;268171299447271427,1;251473478916665344,1;265731849593176064,1;261795856024494080,1;281119794667859969,1;278994031873228801,1;263983081504006144,1;
american	2	235830757044666369,1;243895095001239552,1;
owners	5	272293669925687296,1;279494707413909506,1;246707434561871872,1;267384833217556480,1;241909834461630464,1;
videos	6	274156906107527168,1;252554428547203072,1;243405523276419072,1;268921089307062272,1;264775439225073664,1;252554432749903874,1;
rivalry	0	
america	5	278548459848601600,1;252929713922797568,1;250411063730909185,1;278431967249301504,1;265582175859122176,1;
fit	9	277806743323566080,1;267355431142301696,1;270529378411216896,1;270529866259107840,1;267523559784583171,1;262869203571335169,1;238910676406513664,1;241050677449744384,1;255825645962145794,1;
begins	0	
relationships	0	
review	14	254273728458928128,1;250531981299961856,1;266214601312567296,1;266153108709711872,1;238748465906212865,2;265966915183333377,1;281971825599188992,1;270829103362473985,1;242059361399214080,1;280905826456178688,1;274621320409538560,1;270379627476811776,1;272990906385301505,1;
safety	9	244134015169331200,1;244365121319731200,1;244189950386515968,1;245278716199063552,1;282228185658179585,1;284338453230014465,1;244268832691212288,1;256799944042758144,2;284415246741950466,1;
state	0	
brand	4	261694936859152384,1;250635760976416768,1;274551439123169280,1;241948559002443776,1;
events	0	
rally	15	264085228778311680,1;274932960308891648,1;248131174600429568,1;250979391201492992,1;280307492192403456,1;239512794523893761,1;253519806349860864,1;246283495276675072,1;245883652301537280,1;278176102101434368,1;244824071014076416,1;244190101381459968,1;253074291569065984,1;241053223392272384,1;259768480444858368,1;
4square	0	
carjacked	5	284377226215055361,1;284374424604516353,1;284363247610638336,1;284370995291246592,1;284367348696248320,1;
director	0	
picks	0	
personal	1	268671666681417729,1;
indonesia	2	250565024043630593,1;254984415367798786,1;
demand	3	275684488384749568,1;275950780572389377,1;275682944872484864,1;
dealership	6	238292041744936960,1;237963791302811648,1;262004531011936258,1;264140086080327680,1;262966419157823489,1;277479596004372480,1;
foreign-trade	0	
cars	34	264039628284260352,1;264925884732022785,1;273068874289790976,1;250809300308619265,1;271025308700905472,1;243895095001239552,1;283587400205213696,1;270529378411216896,1;279328113857540096,1;280480666628550657,1;251482913919602688,1;270120425382629378,1;236653260075843585,1;239350218527764480,1;238458522076073984,1;270529866259107840,1;250348375642361856,1;272104255685554177,1;271161950765998080,1;242712641028628481,1;269177491313291264,1;278262785773817856,1;264740391629238274,1;247710787576164352,1;273668529725771776,1;253117526479888384,1;279428013773438976,1;276158285353189376,1;270481424946176000,1;266431417582497793,1;272374251376500737,1;244152155525750784,1;245858612310835200,1;258746852873207810,1;
sydney	3	260413589553299457,1;259292888813412352,1;258904172794105857,1;
coast	1	236894113788727296,1;
books	0	
stop	8	258693967959441408,1;282653781655703555,1;264153643501101057,1;240737165787668480,1;273668529725771776,1;284826515043135489,1;284018163593662465,1;258746852873207810,1;
science	1	278206315673837568,1;
deals	1	241938276045438976,1;
santiago	0	
competitive	0	
buying/selling	0	
conditions	1	239349576778272769,1;
kidnapped	2	270957847729274880,1;270953726758490112,1;
participation	0	
love	43	271391068782747648,1;235830757044666369,1;281633450119802880,1;269560821321965570,1;263278836056203264,1;250809300308619265,1;272293669925687296,2;237701538271858688,2;257911871796043777,1;262943778300628992,1;237534999254036480,1;269532017878790144,1;254569728742416384,1;238748465906212865,1;259153415114989568,1;239024899212079105,1;266250135539945473,1;260513539830198272,1;285453685096595457,1;243890714088460288,1;259905353154715648,2;259007528850034688,1;246277765882589185,1;255807149068918784,1;235861035712651264,1;262866076461826048,1;253981204955664385,1;247388826962653184,1;273085878438604800,1;271282223674707968,1;274986304570286080,1;277065215542190081,1;281507217566494720,1;285126982382002178,1;236116833747468289,1;239784756789780480,1;276011484738383873,1;276328721659613184,1;277567697334714368,1;285420164256776192,1;257001540039106560,1;239383106036056064,1;
motor	8	264436195528945665,1;272536952643915776,1;264939566568460288,1;254984415367798786,2;256079262921154563,1;280694844706398208,1;259291235771092992,1;276158285353189376,1;
association	2	255807149068918784,1;235861035712651264,1;
distribution	3	252929713922797568,1;278250974622146560,1;237527109759795201,1;
networks	0	
prize	2	278206315673837568,1;255664425275637761,1;
cars/driving	0	
accident	0	
pictures	3	269526960735125505,1;278072964161884160,1;266153108709711872,1;
posted	12	282304475853635584,1;258800703504535552,1;263664707846668288,1;277395609248464897,1;269531050164752385,1;237565462458818561,1;262135938573025280,1;258855187534471168,1;285819768156598272,1;266777011433902081,1;269890921452146689,1;260499950289420289,1;
products	2	249113950061469697,1;270656792969768960,1;
outlaws	0	
advertisements	0	
sema	9	263361426134011904,1;260165576532570112,1;263481014129668096,1;265582175859122176,1;263633946804363264,1;264165495165558784,2;263351192032247809,2;266633113243893760,1;264186957398147073,2;
forester	81	258576375378747394,1;261694936859152384,1;284377226215055361,1;242818278756601857,1;268171299447271427,1;284374424604516353,1;284363247610638336,1;268135236112621569,1;260259331444989953,1;283681012846821376,1;274156906107527168,1;261538275423055872,1;273053632189046784,1;259871307997515777,1;264452775612674048,1;250809300308619265,1;278746539067854848,1;264939566568460288,1;265731849593176064,1;250906595557515264,1;244010488718032896,1;284082248385441794,1;285033654911115264,1;245719478837600256,2;261685218648408064,1;275746408915673088,1;274195158155804672,1;259346525061279744,1;266943793754939392,1;274868096483880962,1;268043489932095489,1;281516986893234176,1;245823803769384960,1;250614411964846081,1;271779629138841601,1;274920806289666048,2;284562420691779584,1;246167900292014080,1;284894747989004289,1;244508604256878592,1;248971066901409794,1;280694844706398208,1;257463026750468096,1;272104255685554177,1;274093597266173952,1;266449589358436352,1;281119794667859969,1;257959372280455170,1;268840873188528128,1;267764832932093952,1;276467506246475779,1;249773395300978689,1;284370995291246592,1;237987849851531264,1;244308598858072064,1;270543295120293889,1;258855187534471168,1;244206304002973699,2;284367348696248320,1;279468846186905600,1;268921089307062272,1;246702795691012096,1;247710787576164352,1;245405350658965504,1;285495275827650561,1;268747373814099969,1;273917432299679744,1;264731671679598592,1;248500403073867777,1;273949313233715200,1;268982149976309760,1;254941583118577664,1;255825645962145794,1;270379627476811776,1;263983081504006144,1;241522255593631744,1;246297391010041856,1;276188463404044288,1;279475819091468288,1;263904819184545792,1;274620984865218560,1;
top	21	244134015169331200,1;244365121319731200,1;244189950386515968,1;245278716199063552,1;266932272010235904,1;282228185658179585,1;284338453230014465,1;244268832691212288,1;250411063730909185,1;279042272002207744,1;276858406969675776,1;270636932952895489,1;256799944042758144,1;237267377480413184,1;255314280612773888,1;246824019440041984,1;279350863724687362,1;236095216313040896,1;284415246741950466,1;263504468665040896,2;237985723331014656,1;
web	1	273147894968754178,1;
lesbians/gays	0	
financing	3	273050268365639681,1;245823803769384960,1;284018163593662465,1;
national	1	237985723331014656,1;
share	15	256086103826771969,1;235830757044666369,1;239024899212079105,1;275719726754324480,1;255807149068918784,1;235861035712651264,1;236894113788727296,2;243446589702692864,1;273085878438604800,1;271282223674707968,1;277065215542190081,1;236116833747468289,1;239784756789780480,1;276328721659613184,1;
smartphones	0	
acquisition	0	
customers	1	253649217418043393,1;
event	17	235830757044666369,1;239677896678076417,1;248208215555309568,1;271116112563957760,1;285878014460452864,1;239024899212079105,1;262004531011936258,1;276084765441015808,1;235861035712651264,1;278175678480920576,1;271282223674707968,1;277065215542190081,1;244341869981601792,1;236116833747468289,1;275405868617568257,1;239784756789780480,1;
workers	0	
popular	3	284082248385441794,1;281519759319785472,1;272374251376500737,1;
apps	0	
product	1	279328113857540096,1;
brands	0	
topics	0	
centre	0	
frankfurt	1	268964022207000576,1;
sale	34	270107305587113984,1;258576375378747394,1;251328458679021569,1;268171299447271427,1;264714437292859392,2;280022946439888896,1;272013310570934272,1;264452775612674048,1;270641383084277761,1;265945167708700672,1;243063918182932481,1;275746408915673088,1;274195158155804672,1;236653260075843585,1;263755904581763072,1;256079262921154563,1;270630880555438080,1;275747755262107648,1;238272483713753088,1;281159946744258560,1;259355668664967169,1;253997134918074368,1;276814480049074177,1;244308598858072064,1;253240897716756481,1;247710787576164352,1;245405350658965504,1;235929109266571264,1;237872011567845376,1;243351181877977088,1;276158285353189376,1;281125826068615168,1;274620984865218560,1;
hacked	1	285250162513821696,1;
open	5	263039469190533120,1;257463026750468096,1;272031463527038976,1;253807636280131584,1;241938276045438976,1;
announces	2	238657608913936384,1;259117805729878021,1;
reports	1	284082248385441794,1;
auto	42	237362437068828673,2;285692663955591168,3;280022946439888896,1;274156906107527168,2;268080844395126784,1;260060455245070337,1;266328434828009472,1;274550411510308864,1;276013686743781376,1;267289584763801600,1;243063918182932481,1;249687765808201728,1;275746408915673088,1;243895095001239552,1;281516986893234176,1;251840218288779264,1;274920806289666048,1;270630880555438080,1;275747755262107648,1;279042272002207744,1;251817694867886080,1;253997134918074368,1;283090604399931393,1;277080382120271872,1;246824019440041984,1;273147894968754178,1;279350863724687362,1;239182820919095297,1;253240897716756481,1;267297700742037505,1;274551439123169280,1;267047784484581378,1;259292888813412352,1;267111619526553600,1;268964022207000576,1;281487052132974595,1;241522255593631744,1;281125826068615168,1;246442658606768128,1;263504468665040896,1;263904819184545792,1;
excellence	2	272401300480724992,1;249662963483566080,1;
bombs	0	
seven	1	273050268365639681,1;
list/new	0	
experience	4	278699317743742976,1;273746552177176576,1;253519806349860864,1;253649217418043393,1;
photos	15	256086103826771969,1;258189551502237696,1;274156906107527168,1;258800703504535552,1;239164419211407361,1;263664707846668288,1;277395609248464897,1;239512794523893761,1;262135938573025280,1;265582175859122176,1;258855187534471168,1;285819768156598272,1;250446899864301568,1;266777011433902081,1;239601658638786560,1;
sales	7	282304475853635584,1;264140086080327680,1;275747755262107648,1;276300233212833792,1;271263108973068288,1;277080382120271872,1;281125826068615168,1;
wish	7	236162560041291777,1;241259423744532480,1;241259553759567872,1;254399230259630080,1;240737165787668480,1;265333629780123649,1;257647727100432384,1;
high	6	275684488384749568,1;275950780572389377,1;247445657223307264,1;275682944872484864,1;272211441128452096,1;273632967488831488,1;
charity	4	239677896678076417,1;285878014460452864,1;276084765441015808,1;275405868617568257,1;
uk	7	273053632189046784,1;239267129365512192,2;280621700117315584,1;272401300480724992,1;246010383201079297,1;237565462458818561,1;266431417582497793,1;
west	6	284723385500569600,1;284755924877467649,1;251839291330818048,1;272104255685554177,1;263022299865837568,1;236894113788727296,1;
blogs/forums	0	
stickers	3	280856170095325184,1;269527195603591168,1;284413293366476800,1;
international	2	277806743323566080,1;254984415367798786,1;
export	0	
offers	0	
comparison	1	254273728458928128,1;
murderer	1	254949338608959488,1;
goes	5	268171299447271427,1;269882893541732352,1;281559668097167361,1;273729703674789888,1;276002528536190976,1;
impreza	82	237362437068828673,1;242818278756601857,1;280423837991067649,1;263233476738830336,1;235880744784908288,1;272013310570934272,1;251596004946763776,1;273050268365639681,1;249672589411221504,1;238997209117499392,1;268129309556875265,1;250531981299961856,1;240982037639610368,1;245132460843745280,1;270585640813490176,1;261685218648408064,1;277618150634295297,1;267651428644974593,1;258856286421147650,1;274868096483880962,1;249669182323568640,1;271841675452747777,1;272467260101230593,1;255653796942856192,1;236653260075843585,1;255395255849975808,1;250411063730909185,1;283922822873616384,1;272157879866380288,1;280621700117315584,1;262073476997840896,1;277140286814183425,1;263761860518608896,1;244071678676721665,1;239620696593010689,1;245610058564640768,1;278128727462928386,1;256126390129278977,1;263952771676524544,1;284780566447026177,1;270056952992784384,1;238216535875932161,1;281971825599188992,2;257551678746812416,1;276822327591849984,1;247230615290785792,2;276814480049074177,1;249913988375252992,1;248259142492508160,1;253519806349860864,1;271029117137346561,1;259894691263291392,1;243016547696783360,1;267574969368715264,1;238910676406513664,1;269527195603591168,1;259603799486894081,1;282928131084521472,1;249671331124224001,1;278176102101434368,1;265523338166804481,1;239182820919095297,1;281340859646111744,1;267166498718629889,1;267297700742037505,1;253117526479888384,1;247649798201696256,1;267047784484581378,1;236598243365113856,1;270958250185334784,1;273623118013136896,1;243351181877977088,1;263358158771220480,1;276158285353189376,1;266689262399926273,1;263524756492541952,1;267111619526553600,1;244367113614147584,1;252216120206053376,1;249723336286937088,1;266959262327136257,1;252128295678779393,1;
equipment	0	
zones	0	
garages	0	
snow	20	279180784328380416,1;284015022068363264,1;283602625511952384,1;283587400205213696,1;284416068825534464,1;266741540200792064,1;279788979761582080,1;280676783907536896,1;283339772691365888,1;266541216047448064,1;273634799133011968,2;285457493562388480,1;282325174731284481,1;284278634070540289,1;282536517312864256,1;281507217566494720,1;285126982382002178,1;266340594094338048,1;285420164256776192,1;283978091209048064,1;
races	0	
managing	1	
selling	18	284723385500569600,1;270270984110608385,1;285033654911115264,1;249380544197054465,1;285137191317950464,1;271841675452747777,1;272467260101230593,1;272157879866380288,1;281977953464754176,1;284894747989004289,1;248971066901409794,1;268840873188528128,1;267574969368715264,1;257194268295323649,1;247710787576164352,1;270958250185334784,1;253822356999528448,1;263504468665040896,1;
job	3	269932906426806272,1;280676783907536896,1;281536138076897280,1;
spy	4	239164419211407361,1;257959372280455170,1;239512794523893761,1;239601658638786560,1;
option	1	266632341491953664,1;
carrying	4	279475302583902208,1;279468846186905600,1;279469008896548864,1;279477203631230976,1;
salon	3	285692663955591168,3;251632302440976384,1;283685941154021377,1;
kid	1	257670556697116674,1;
sponsorship	0	
2012	43	236109808049213441,1;242818278756601857,1;258827941335683072,2;245278716199063552,1;250531981299961856,1;266328434828009472,1;274550411510308864,1;271425655017713664,2;263039469190533120,1;266552016397025280,1;260505633571344384,1;235923837059989504,1;269916351534075905,2;236849939383189504,1;283922822873616384,2;266765862978076672,1;274920806289666048,1;248905782551273474,1;240990501757652992,1;262786693227245568,1;251632302440976384,1;274663179559239680,1;238086864798642176,1;281971825599188992,2;243829487702253568,1;248259142492508160,1;285174617092534272,1;269144259851087872,1;263633946804363264,1;278262785773817856,1;274664463041437697,1;269942054208016385,2;247649798201696256,1;278818803679391744,1;275761894298615808,1;245524608697118720,1;275328559776665600,1;270615097414676480,2;284377397342638082,1;281487052132974595,1;281125826068615168,2;237985723331014656,1;269768376459603968,1;
installing	0	
incentives	1	258293979894931456,1;
paris	2	251482913919602688,2;251632302440976384,1;
award	5	244365121319731200,1;244189950386515968,1;244268832691212288,1;272401300480724992,1;256799944042758144,1;
personality	2	270529378411216896,1;270529866259107840,1;
related	0	
car	111	249148439814868992,1;247794136785252353,1;264212723020218368,1;280443450573332481,1;252119168848101376,1;264085228778311680,1;284363247610638336,1;246747880247939072,1;267652815667724289,1;264925884732022785,1;238965533733703680,1;273903393993531394,1;249226395123855360,1;273050268365639681,1;248454311842021376,1;264199246717272064,1;276212819689623552,1;250531981299961856,1;240921446736613377,1;251513398121074689,1;273616788791623681,1;284082248385441794,1;257911871796043777,1;270928336409198592,1;259266861873647616,1;241259423744532480,1;245498407454654465,1;276695496976896002,1;256986394432532480,1;268043489932095489,1;271121060500471809,1;238748465906212865,1;258298070725427200,1;284416068825534464,1;245823803769384960,1;250337013293776898,1;239350218527764480,1;262004531011936258,4;248028552262467584,1;251596864770695168,1;241259553759567872,1;243079948817027073,1;248905782551273474,2;262945015599362048,1;261535603655593985,1;256092068148023296,1;252737895826345984,1;266541216047448064,1;270053069054685184,1;267188766257606658,2;268530486350069760,1;283561022223179776,1;237994476860239872,1;239003123094532097,1;262008347820187650,1;284711842767589376,1;274663179559239680,1;279484019689795584,1;238216535875932161,1;266919525189042176,1;268879741858234370,1;259007528850034688,1;266976721784414208,1;274604429938937856,1;284745095188725760,1;259635676188921856,1;251058823639482368,1;282928131084521472,1;248816578072829952,1;265558184440258560,1;279475302583902208,1;240579598356709377,1;239470704083468288,1;241050677449744384,2;242059361399214080,2;235869088776339456,1;240924063994896385,2;268752981598560256,1;266200319808114688,1;270233042419847168,1;266777011433902081,1;249421300253204480,1;244184040607985664,1;252413265051799552,1;241153974768640000,1;236598243365113856,1;250202883658760192,1;250433985614860289,1;254941583118577664,1;259292888813412352,1;269537098338557952,1;241053223392272384,1;279477203631230976,1;237561024901963776,1;252216120206053376,1;255191349735874560,1;243707542507761664,1;280825270649360385,2;285420164256776192,1;273963938775969792,1;256480364208480257,1;285065988821635072,1;251527553913868289,1;257647727100432384,1;272373756482170880,1;244152155525750784,1;243405128995049472,1;271247191606181888,1;262241348193771521,1;263365960138899456,1;
friday	3	281519759319785472,2;259325557739749377,1;271659604906217473,1;
automotivewinner	0	
manual/guide	0	
prices	1	238657608913936384,1;
consumer	1	284082248385441794,1;
videogames	0	
news	12	238965533733703680,2;275684488384749568,1;250531981299961856,1;238969111462428672,1;270529378411216896,1;254984415367798786,1;284562420691779584,1;283561022223179776,1;276844230243127296,1;270543295120293889,1;253599468769906688,1;271282223674707968,1;
tokio	1	283685941154021377,1;
factory	4	259216270984114176,1;279246069060231169,1;257959372280455170,1;238910676406513664,1;
comments	0	
social	0	
purchase	1	271282223674707968,1;
advices	0	
follow	6	265083280179724288,1;263510953071636481,1;245719478837600256,1;279257456583000066,1;244206304002973699,1;
colorado	3	280022946439888896,1;284894747989004289,1;276465857859817472,1;
stolen	1	237648152684003328,2;
build	2	281630090494898176,1;259330370200285184,1;
2013	52	265576366752292864,1;236109808049213441,1;280443450573332481,1;268171299447271427,1;261034866668359680,1;244189950386515968,1;245278716199063552,1;285692663955591168,1;283681012846821376,1;258189551502237696,1;238657608913936384,1;263361426134011904,2;273903393993531394,1;278746539067854848,1;264939566568460288,1;282228185658179585,1;250906595557515264,1;263731648951103488,1;284338453230014465,1;285056632524767232,2;282456825541050368,2;237963791302811648,1;265966915183333377,1;280919600563122177,1;283845878358355968,1;241943510532644864,1;284562420691779584,1;270585737257304065,1;285455811646480384,1;240990501757652992,1;270056952992784384,1;263481014129668096,1;267764832932093952,1;270829103362473985,1;269177491313291264,1;282426857264119808,1;281559668097167361,1;285819768156598272,1;242059361399214080,1;268921089307062272,1;239199949194141697,1;278563085378256897,1;238777322709327872,1;260929352378744832,1;258343205609828352,2;245524608697118720,1;269537098338557952,1;283685941154021377,1;261572903596863488,1;278036645700308992,1;280825270649360385,2;258330371060539392,2;
subaru	1021	249148439814868992,1;270107305587113984,1;269932906426806272,1;247794136785252353,1;244134015169331200,1;268131192816140290,1;269526960735125505,1;268758409032122368,1;270957847729274880,1;239027013833326593,1;243592761184514048,1;280615572214013952,1;258576375378747394,1;265576366752292864,1;236109808049213441,1;238620430594867201,1;255102761857847296,1;237261425775636480,1;241312607515058177,1;241939789933334528,1;279480169956274177,1;261694936859152384,1;254758266863747072,1;284377226215055361,1;280443450573332481,1;258523752466374658,3;237362437068828673,1;262286048497893376,1;248617654850580483,1;251328458679021569,1;277806743323566080,2;258644457317097473,1;284127702062088192,1;242818278756601857,1;258827941335683072,1;243857342406471680,1;259222210101788672,1;284374424604516353,1;279810899211087873,1;282314718352400386,1;261034866668359680,1;252831147762016256,1;252313746813378560,1;284708428595728384,1;283729029234827264,1;244365121319731200,1;252119168848101376,1;236756905505206272,1;255513820427059201,1;264085228778311680,1;241881606795706369,1;284363247610638336,1;240982016684851200,1;276075166826643458,1;247471406076530688,1;246747880247939072,1;239036680043106306,1;259332503528173569,1;281184282117025794,1;244189950386515968,1;268135236112621569,1;235830757044666369,1;245278716199063552,1;282544402612748289,1;256067212689944578,2;270797440565784576,1;281826367119704064,1;262574503396253697,1;260259331444989953,1;270115996205989888,1;264714437292859392,2;280665522184540161,1;238305639678504960,1;281330118062911488,1;285692663955591168,3;283681012846821376,1;273045772046569472,2;274932960308891648,1;279483156296515584,1;264436195528945665,1;247380175778639874,1;239128844777447425,1;266835287114657792,1;280856170095325184,1;243328943682355200,1;260536549786124288,1;251812545336311809,1;258189551502237696,1;283324899689394176,1;263233476738830336,1;235880744784908288,1;239349576778272769,1;280022946439888896,1;242388035440873472,1;268833189294927872,1;267652815667724289,1;244451746276073473,1;265846614143422466,1;274156906107527168,1;237538400809390080,1;267094377661337600,1;275734258004414464,1;272013310570934272,1;264925884732022785,1;258693967959441408,1;282653781655703555,1;272536952643915776,1;273068874289790976,1;238965533733703680,2;238657608913936384,1;249183151887376384,1;250977810645147648,1;263361426134011904,2;261538275423055872,1;273053632189046784,1;259871307997515777,1;263278836056203264,1;248131174600429568,1;238292041744936960,1;273903393993531394,1;251596004946763776,1;259715611251339264,1;254273728458928128,1;266932272010235904,2;239401133167239168,1;270972175232679936,1;281552193851637760,1;264283162157391872,2;264136608977149952,1;244281163923988480,1;273050268365639681,1;235812457304711169,1;249672589411221504,1;248454311842021376,1;284723385500569600,1;264452775612674048,1;253920832278126592,1;250809300308619265,2;238997209117499392,1;275684488384749568,1;278746539067854848,1;268080844395126784,1;260060455245070337,1;264939566568460288,1;264199246717272064,1;268129309556875265,1;270641383084277761,2;278072964161884160,1;282228185658179585,1;276212819689623552,1;250531981299961856,1;265731849593176064,1;272293669925687296,1;266159052038483968,1;278548459848601600,1;240982037639610368,1;237954179690283008,1;279442977355599872,1;250979391201492992,1;266328434828009472,2;274550411510308864,1;250906595557515264,1;240921446736613377,1;244010488718032896,2;273616788791623681,1;265945167708700672,1;284305076305162240,1;251486353253097472,1;273896481751171072,1;272005861503819777,2;264283153760387072,2;272378194034819072,1;263731648951103488,1;237701538271858688,2;271425655017713664,2;245132460843745280,1;276013686743781376,1;267289584763801600,1;275950780572389377,1;244825165173755904,1;284429062775119872,1;284082248385441794,1;247445657223307264,1;246783221470208000,1;269844649898807297,1;279847704228659200,1;243063918182932481,1;270585640813490176,1;247355957842153472,1;260011947200753664,1;256061953028542464,1;262528906077302784,1;271662742279159809,1;284338453230014465,1;245763909091463168,1;267892700483821568,2;250565024043630593,1;264134818776891393,1;254828372201463809,1;259058409939283968,1;260413589553299457,1;251765164884512768,1;258800703504535552,1;251324331492253696,1;278969697981046785,1;270928336409198592,1;267355431142301696,1;270270984110608385,1;263510953071636481,1;278385892824068096,1;256223798645387264,1;281864141034102784,1;241006284919414784,1;279482830017404929,1;279494707413909506,1;261264298259644416,1;244348176318996480,1;256515097235685376,1;254919730815700992,1;269153554437120002,1;285033654911115264,1;245719478837600256,2;259266861873647616,1;236886572409176064,1;262397998686937088,1;249687765808201728,1;237562341905006593,1;253499514030288899,1;263039469190533120,1;261685218648408064,1;241259423744532480,1;281054128665399301,1;246707434561871872,1;237534999254036480,1;249380544197054465,1;266552016397025280,1;252554428547203072,2;283602625511952384,1;252929713922797568,1;277618150634295297,1;282573567403634688,1;275746408915673088,1;240765787726557184,1;252917105832361984,1;249698220802994176,1;257906951856484352,1;272684197871767552,1;274195158155804672,1;271116112563957760,1;255498418934394880,1;245463655662108672,1;267651428644974593,1;283587400205213696,1;258856286421147650,1;238969111462428672,1;253928855868432386,1;273079959843655680,1;285878014460452864,1;263638338274226177,1;285056632524767232,1;251351078573064192,1;244818819565096961,1;266153108709711872,1;259346525061279744,1;267528660058255360,1;264115918479716353,1;282456825541050368,2;276502734176415744,1;245498407454654465,1;270529378411216896,1;239089206960459776,1;251128108533559296,1;276695496976896002,1;275322700333989888,1;246094986507087873,1;265533807149600768,1;251540002582974464,1;279328113857540096,1;285137191317950464,1;269238550699061250,1;253183435756146689,1;281763158971002880,1;284755924877467649,1;272213538259492865,3;270753810824192000,1;268089912476180480,1;280480666628550657,1;252876207178264577,1;236697639998070784,1;278358906646970368,1;239164419211407361,2;272119506162302976,1;269916351534075905,2;251387040522985473,1;266943793754939392,1;274868096483880962,1;257986610103201793,1;265627939926863872,1;242760439304421376,1;248634337157840896,1;254984415367798786,1;263664707846668288,1;251775235928514560,1;237648152684003328,1;258914016838164480,1;277395609248464897,1;237806246508511232,1;256986394432532480,1;241583668596994048,1;268043489932095489,1;275682944872484864,1;249669182323568640,1;271841675452747777,1;255792775184912384,1;237963791302811648,2;253049707989975040,1;269532017878790144,1;244181834437652480,1;245594245321330688,1;271656626061185024,1;255338301383385088,1;236877504353275906,1;254569728742416384,1;275050158658560000,1;246778028913475585,1;238748465906212865,1;241295691878658048,1;272467260101230593,1;261114625557417985,1;264272206664720385,3;237968124056567808,1;241217942086373376,1;251482913919602688,1;248245867524534273,1;271716647474192385,1;245520039673991168,1;264506500469379072,1;255653796942856192,1;263758890930413569,1;254242715603193856,1;250092665704689664,1;265966915183333377,1;270120425382629378,1;266566834868875264,1;236653260075843585,1;239267129365512192,3;254310466191515648,1;260165576532570112,1;263755904581763072,1;259131997446885376,1;268133392518889474,1;284416068825534464,1;245823803769384960,1;245247879680237569,1;250337013293776898,1;279477330408271872,1;266741540200792064,1;239350218527764480,2;281519759319785472,1;238458522076073984,1;264356411511812096,1;266622325514977280,1;237596324147625984,1;273683742487355392,1;271293240865607680,1;264502633325273088,1;281127847752527872,1;254845139304984576,1;250411193741762560,1;285229864489996289,1;266250135539945473,1;279788979761582080,1;255395255849975808,1;250411063730909185,1;283922822873616384,2;272157879866380288,1;280919600563122177,1;266765862978076672,1;270529866259107840,1;250389165273907200,1;256079262921154563,1;239682839388512256,1;248028552262467584,1;265617114403074049,1;250614411964846081,1;268825018765549569,1;261590993600647168,1;278250974622146560,1;264140086080327680,1;237057695826472962,1;267523559784583171,1;249294087008706560,1;280307492192403456,1;280621700117315584,1;241051960906752000,1;261795856024494080,1;281977953464754176,1;264089108480143361,1;251596864770695168,1;246282291528204289,1;256276474896719872,1;272401300480724992,1;262073476997840896,1;274227299098963968,1;280842433724551168,1;283845878358355968,1;260545378817019904,1;271688326635982848,1;250253479535316992,1;259349821813579776,1;241259553759567872,1;265169705814347776,1;247563181625581568,1;263788561432715265,1;269052610093387776,1;249478271467651072,2;246837554446471169,1;238496178516406272,1;263478632004067329,1;271779629138841601,1;277140286814183425,1;243664851845652482,1;274920806289666048,2;270029379634089984,1;284562420691779584,1;251839291330818048,1;246167900292014080,1;243992377725956096,1;250098231546105856,1;253549594305257474,1;270630880555438080,1;243079948817027073,2;254399230259630080,1;258304408310411264,1;270585737257304065,1;248905782551273474,1;284894747989004289,1;243622621369991169,1;244508604256878592,1;280676783907536896,1;249534143791247360,1;257254762741899267,2;253197434522574850,1;248971066901409794,1;250348375642361856,2;280694844706398208,1;257463026750468096,1;261535603655593985,1;275747755262107648,1;238272483713753088,2;269103348593065984,1;282050230688559104,1;263761860518608896,1;244163202148093953,1;272855082222104577,1;275719726754324480,1;285455811646480384,1;279483957291143169,1;279246069060231169,1;244071678676721665,1;255319976477589504,1;256092068148023296,1;265718994059812864,1;284497421545902080,1;239620696593010689,1;252737895826345984,1;277070789776396289,1;281073523127095297,1;272104255685554177,1;239106835641143296,1;257076437750800384,1;276300233212833792,1;254638158782820353,1;270053069054685184,1;279042272002207744,2;281159946744258560,1;274093597266173952,1;267800811671781376,1;263293222548299776,1;267408514232766464,1;285425730060423168,1;276858406969675776,1;262786693227245568,1;245610058564640768,1;265669384142458880,1;267188766257606658,1;252865352340500481,1;236822688625221632,1;268530486350069760,1;283561022223179776,1;259536493511585793,1;259107802067398657,1;277574882190057473,1;256799944042758144,1;263295411979182082,1;263952771676524544,1;276666777625309184,1;237908626768031744,1;284780566447026177,1;270056952992784384,1;251632302440976384,1;251817694867886080,1;246010383201079297,1;264356738667515904,1;266449589358436352,1;263022299865837568,1;281119794667859969,1;261833403408723968,1;265119200194998272,1;237994476860239872,1;262279568331780096,1;239003123094532097,1;262008347820187650,1;257959372280455170,1;274131975156150273,1;284711842767589376,1;283281937404137474,1;279481939935772672,1;239512794523893761,1;262827684172816384,1;276844230243127296,1;274663179559239680,1;273917683970473984,1;281796948284043264,1;272031463527038976,1;259355668664967169,1;267834594504613888,1;269239422694862849,1;279483985359405056,1;248498746445418496,1;263481014129668096,1;268840873188528128,1;238086864798642176,1;279484019689795584,1;254431003446226944,1;257551673336160257,1;267764832932093952,1;243890714088460288,2;239799021600907264,1;263434659311013889,1;238216535875932161,1;239053542785159168,1;278736893724749824,1;244857733914980352,1;281971825599188992,2;266919525189042176,1;253997134918074368,2;251494603461644288,1;268879741858234370,1;252579485352865793,1;269240619786964992,1;269531050164752385,1;284385282642567169,1;237565462458818561,1;262135938573025280,1;273251917919055872,1;257551678746812416,1;276978770936733696,1;273869252329619456,1;253854545363484673,1;257670556697116674,1;237527109759795201,1;261613856760160257,1;273746552177176576,1;271263108973068288,1;246277765882589185,1;266976721784414208,1;283090604399931393,1;285849954570878976,1;276822327591849984,1;243807249536020480,1;250635760976416768,1;270511451955929088,1;278431967249301504,1;258293979894931456,1;247564997763399681,1;237646852936327170,1;247230615290785792,2;258756973711986689,1;276814480049074177,1;263093217141071872,1;257121371295993856,1;246795504657252353,2;237583971947540480,1;259731771892060160,1;269574083736395777,1;273109290590564353,1;239096341500944385,1;243503787417927680,1;270829103362473985,1;255408824423428096,2;260562936165179392,1;274604429938937856,1;250016773984903169,1;255866527834836992,1;242712641028628481,1;259325557739749377,1;265582175859122176,1;278218418451275776,1;275043154162491394,1;285250162513821696,1;273110066540982272,1;276328028869632000,1;249913988375252992,1;236647849423679488,1;248259142492508160,1;251465348568731648,1;253929989257457665,1;240828198978465793,1;277080382120271872,1;263973668672110592,1;276467506246475779,1;270953726758490112,1;273117133955805185,1;253519806349860864,1;244365124528402433,1;249773395300978689,1;271029117137346561,1;243405523276419072,1;285174617092534272,1;259894691263291392,1;243016547696783360,1;265541872791998464,1;260538198155993088,1;266567245898072064,1;239238117335371776,1;284370995291246592,1;237987849851531264,1;247801934025723904,1;267574969368715264,1;285081839088070656,1;259117805729878021,2;279491972731912192,1;235861035712651264,1;270193829892730880,2;272004619964653568,1;238910676406513664,1;285663893664182272,1;244308598858072064,2;269527195603591168,1;263035297992937474,1;269177491313291264,2;268121940181536769,1;257558673637916672,1;262827638022868993,1;279476206309613568,1;259635676188921856,1;261217084002926592,1;271845685207392256,1;258993687655247873,1;248624797733490688,1;251058823639482368,1;259603799486894081,1;269238602259656704,1;285457493562388480,1;238454071902748672,1;269144259851087872,1;236894113788727296,1;278262785773817856,1;262866076461826048,1;253981204955664385,1;243030325985431552,1;239493621764743168,1;282928131084521472,1;264165495165558784,1;254710208566284288,1;248816578072829952,1;260528111215583232,1;267695912158126080,1;264154430591619074,1;282426857264119808,1;249671331124224001,1;259432592204500993,1;278176102101434368,1;262732414747545603,1;264951633543319552,1;266564354940497920,1;282966328619433984,1;281559668097167361,1;279123754750201856,2;265558184440258560,1;283367625025789953,1;279475302583902208,1;280735978119917569,1;270543295120293889,1;279506187228168192,1;258855187534471168,1;280803644838924289,1;240579598356709377,1;241653373730975744,1;261605191332265984,1;252243072778387456,1;284461992247427073,1;285819768156598272,1;267128112419057664,2;238899481817534464,1;259828576440954880,1;273729703674789888,1;246824019440041984,2;279209269075800065,1;284278634070540289,1;261459711910633472,1;272080004211417088,1;273147894968754178,1;279350863724687362,2;251396990695510017,1;243446589702692864,1;241050677449744384,1;259156867027181568,1;274312888074784769,1;240668182296289280,1;244824071014076416,1;268714557571207168,1;262748034335662081,1;236879337259929601,1;280678889456549888,1;265523338166804481,1;285511235175346176,2;259813992833372160,1;253004112461959168,1;266257264988536832,1;276195136503947265,2;255402843329163265,1;244206304002973699,2;241027499717439489,1;284367348696248320,1;237706181378977792,1;242059361399214080,1;239182820919095297,1;253240897716756481,1;280905826456178688,1;257194268295323649,1;253599468769906688,1;279468846186905600,1;239813286462357506,1;281599971202056192,1;244190101381459968,1;268921089307062272,1;251787693023956992,2;258382237798629376,1;272813957079773185,1;256025391276376065,1;249662963483566080,1;259782166446239744,1;267384833217556480,1;262754575461781506,1;235869088776339456,1;240924063994896385,1;250446899864301568,1;264060402663583744,1;267297700742037505,1;265223902622535680,2;271510874907344896,1;262836232134991873,1;243647232614731776,1;246702795691012096,1;265155754267398145,1;268752981598560256,1;246456107688656896,1;253251479949942784,1;247710787576164352,1;250925264433983488,1;266200319808114688,1;256756074105950208,1;239199949194141697,1;241985097077751809,1;261875900092657664,1;277592842208157696,1;274986304570286080,1;245405350658965504,1;235929109266571264,1;251507769344151552,1;280299795678105600,1;253074291569065984,1;269942054208016385,2;285495275827650561,1;237872011567845376,1;266632341491953664,1;242457946112524288,1;253117526479888384,1;281198811165106177,1;259532894777794560,1;274551439123169280,1;276195648213221376,2;259291235771092992,1;278563085378256897,1;270907365614813184,1;273917432299679744,1;264731671679598592,1;246652979929812993,1;250609936655056896,1;266777011433902081,1;263351192032247809,1;244878244078297088,1;249421300253204480,1;284085406700539904,1;254829391228575744,1;279915261879009280,1;244184040607985664,1;271592089190531072,1;256364425257291776,1;284894903165648896,1;279794503676735490,1;244341869981601792,1;249287267057807360,1;252413265051799552,1;248500403073867777,1;267047784484581378,1;267369384337625088,1;281507217566494720,1;267848198943559680,1;238777322709327872,1;236598243365113856,1;278818803679391744,1;247829258079191040,1;260929352378744832,1;269606358880485378,1;251807515279499264,1;273949313233715200,1;252807408018157568,1;280149593445003264,1;250202883658760192,1;259418188972961792,1;242652255617179648,1;279469008896548864,1;274621320409538560,1;258343205609828352,1;275761894298615808,1;284314944147693569,1;241948559002443776,1;282158564389302272,1;259203885175029760,2;254906791371091969,1;250612218348064768,1;284055815864848385,1;281661476450750464,1;254329973911990272,1;268982149976309760,1;257798950986330112,1;270958250185334784,1;284340437148381184,2;257819915858370560,1;273623118013136896,1;243351181877977088,1;237958259040989185,1;280297711096459264,1;239601658638786560,2;259093218484973568,1;250433985614860289,1;254941583118577664,1;257216732991733764,1;283713959121534976,1;259292888813412352,1;263358158771220480,1;251976604467736576,1;255706632590344192,1;266941465891065856,1;276158285353189376,1;281783006409129985,1;266689262399926273,1;285126982382002178,1;256325627173543937,1;278333099346108416,1;251563536810139649,1;263524756492541952,1;266633113243893760,1;239067748913778688,1;277421970461704192,1;236974153691975680,1;256401359442690048,1;259091289109307392,1;261145658440941568,1;267111619526553600,1;284413293366476800,1;244367113614147584,1;251063462539689985,1;249173156273733632,1;236116833747468289,2;254957651493007361,1;266947778314399744,1;269537098338557952,1;285452069501009922,1;240824847716982784,1;284826515043135489,1;263267511439609856,2;246794033396068352,1;268964022207000576,1;284867262689730561,1;275328559776665600,1;284415246741950466,1;242669213225996288,1;264775439225073664,2;258904172794105857,2;283689783170060288,1;249218933675151360,1;275649717269057537,1;242908767778385920,1;244647695782916096,1;275405868617568257,1;271345489302126593,1;270656792969768960,1;279477203631230976,1;239784756789780480,1;254900223099424769,1;255825645962145794,1;269890921452146689,1;260461253649121280,1;284018163593662465,1;258778314326556673,1;270379627476811776,1;273745214194204672,1;257271049241108480,1;270242580304900096,1;265333629780123649,1;270615097414676480,2;260499950289420289,1;284377397342638082,1;280765937605550080,1;272211441128452096,1;252216120206053376,1;282042394743033856,1;283685941154021377,1;278571935363891200,1;276328721659613184,1;281487052132974595,1;270580234330439680,1;245291085235113984,1;264078572413648896,1;255191349735874560,1;261572903596863488,1;284785352143675393,1;264111606730981376,1;275985559728566273,1;259768480444858368,1;253822356999528448,1;268264059982454785,1;238120062706413569,1;241522255593631744,1;274976863187791872,1;281125826068615168,1;256439771734343681,1;282536173400903681,1;244663193706823680,1;246648497791696896,1;284792713117855744,1;246297391010041856,2;249723336286937088,1;276188463404044288,1;269239164078272512,1;246442658606768128,1;243707542507761664,1;266340594094338048,1;263006919340470272,1;278036645700308992,1;267813566554439681,1;274070323077447682,1;263504468665040896,3;253724203168194560,1;280825270649360385,2;269470601851326465,1;252554432749903874,2;264186957398147073,1;241101462074167296,1;266959262327136257,1;256480364208480257,1;252128295678779393,1;255664425275637761,1;269138190693179393,1;257151972954755073,1;285065988821635072,1;267639641379844096,1;279475819091468288,1;258330371060539392,1;262280344257040384,1;235958175793295360,1;270956811547455489,1;251527553913868289,1;266994863608827905,1;283345737687904256,1;236190947103342593,1;257647727100432384,2;263904819184545792,1;281863318937927681,1;274620984865218560,2;255445612659617792,1;272373756482170880,1;244152155525750784,1;237985723331014656,1;265782453900288000,1;243215550682112000,1;244710643863793666,1;243405128995049472,1;278200148042059776,1;258298787930451968,1;259942384673107969,1;238004059024547841,1;278576716841091073,1;240697986789806080,1;283995698922414081,1;262241348193771521,1;258746852873207810,1;265085704508411904,1;269768376459603968,1;
growth	0	
sport	12	283681012846821376,1;272013310570934272,1;251596004946763776,1;264452775612674048,1;283299633189494784,1;267188766257606658,1;276814480049074177,1;248624797733490688,1;265467964973793281,1;259291235771092992,1;258343205609828352,1;258330371060539392,1;
account	2	263267511439609856,1;270580234330439680,1;
customer	3	276465857859817472,1;251787693023956992,1;282042394743033856,1;
indiana	6	276328028869632000,1;277080382120271872,1;276195136503947265,1;257220587561291776,1;276195648213221376,1;250609936655056896,1;
