studio	5	284000571994808320,1;
envy	4	
mycareer	2	279724131623264257,1;271846272422539265,1;
improvable	0	
celebrities	0	
hq	3	281133455515992064,1;
videos	2	
program	2	278182540383244288,1;
laptop	2	281942259933540354,1;281639536033943552,1;
crash	8	272937294762237952,1;
approved	1	278816358437896192,1;
trip	15	273853280419995648,1;275992786510168064,1;
music	67	279724569248550913,1;277225412772388867,1;276690039222726656,1;135477788315627520,1;280552376631427072,1;278177431704190977,1;275324176695443457,1;283082839451389954,1;
road	61	276333917647294464,1;272447752376549376,1;279236803855261696,1;274618963705602048,1;
price	21	283953252553342976,1;
gtc	26	280841074786828288,1;281092963696771072,1;274989772232073217,1;284587062198411264,1;274283544744980480,1;283852312433274880,1;277208883037081600,2;283982759477784576,1;
exclusive	10	276333917647294464,1;273800813518934018,1;282233986514817025,1;
volkswagen	24	273620088014393344,1;274137960419565568,1;280431639413284865,1;274219891966488576,1;274717356251545600,1;284195429007122432,1;274014064869515264,1;274136108852449281,1;275180404351324161,1;282878440644939776,1;281871724977471488,1;280403864748953600,1;273913355452948480,1;278030681391656960,1;277590686331699200,1;280391697421193216,1;282160487012106241,1;
presence	0	
brand	13	282791018418556928,1;277948921039441922,1;273134401896992769,1;272365611156393987,1;273637819031891969,1;279913303118057474,1;
promotional	1	
azure	12	277409622200045569,1;277416404599316480,1;
wins	13	281133455515992064,1;
happen	10	282936297390215170,1;277870131814731777,1;285346919092457472,1;
models	3	
tuning	2	285526510809526274,1;
preference	0	
nba	5	279724131623264257,1;271846272422539265,1;
dealership	11	
quality	5	
cars	53	284775017366048768,1;278925695533588481,1;278685517112041472,1;278944653770895360,1;273107579318697984,1;278816358437896192,1;275621741592731648,1;282493933953642496,1;283134143649431553,2;272918205109002241,1;275242689778298880,1;275974787426304000,1;
fires	2	283322294997250049,1;284798372102160384,1;
mercedes	339	273519884930015233,1;283946552572125185,1;284169413719126016,1;284508305026584576,1;278686860572766208,1;284515612254937088,1;280549189623091200,1;277970086264971264,1;284170662778658817,1;285871754008731648,1;281427993379868672,1;283089686317121536,1;282090721534672897,1;280485671490162689,1;282001223358492672,1;283878178731212800,1;282708404089262080,1;283091074250072064,1;278440716533907456,1;281086785507950592,1;281148953574113281,1;280879473648357376,1;281617935368351744,1;283479325578248193,1;282909957194653696,1;283668055446392832,1;278687077405708289,1;284830726766088192,1;278045671817363456,1;278035836212240385,1;279341917278457856,1;280887434097610752,1;278290141053853696,1;275668591972585472,1;280521994913595392,1;278495668153229312,1;278031512249696256,1;280887957999722496,1;282148963640029184,1;280774230159806466,1;
style	11	275977796097036289,1;273225833546674176,1;
drive	110	284036274585751552,1;275986044283940864,1;279322443972214786,1;283242666135785473,1;273134401896992769,1;276025317548761088,1;279330382967623681,1;281479003242639361,1;281005952872894465,1;279889353675792384,1;279817199055675392,1;280433073848479744,1;278017385447964672,1;
mulliner	5	278916287730700288,1;
card	5	277070668120608770,1;280792018207244288,1;281552668307111936,1;
care	44	272932014141886465,1;278214677136306176,1;276403075646889984,1;285747135398420480,1;
bentey	0	
continental	292	283134566351384576,1;276983528145694721,1;281176581362286592,1;282861940789891073,1;284588005946179584,1;282166965584416768,1;279245452484952064,1;275801832905904129,1;281059241509388289,1;273640868341235714,1;281962891723288577,1;272016150131523584,1;279135825952899072,1;281554114851258370,1;276333917647294464,1;284000571994808320,1;273791401853071361,1;275179859083419649,1;278558863807107074,1;275621741592731648,1;284387904069980161,1;275731296846770177,1;276397608157708291,1;280841074786828288,1;283139058434183168,1;281399328281604096,1;281365471859707904,1;282956862066941952,1;273605858452189184,1;275752655899488256,1;284094571233824768,1;276776710320570368,1;283977076187480064,1;273811819762708480,1;281092963696771072,1;272110022836772864,1;274247075259097088,1;277519014073356288,1;284587062198411264,1;273875644448899075,1;281416441029345280,1;284845843020935168,1;283932671107801088,1;283852312433274880,1;277208883037081600,2;272157317829627904,1;285186495353065472,1;284805006643834880,1;272892919038492672,1;283982759477784576,1;276709383365357569,1;284281498801143808,1;
compare	18	
2k13	3	279724131623264257,1;271846272422539265,1;
racing	16	280930577031495681,1;281365471859707904,1;273637819031891969,1;280774137906089984,1;273643552641273857,1;
nashville	7	275307927961731072,1;281092963696771072,1;273574276244832257,1;
seasonal	1	276037000027586562,1;
falcon	4	272793383997669376,1;278088931881398275,1;
pictures/wallpapers	0	
admire	3	
range	35	278403009740935168,1;282183461790437377,1;276572670001287168,1;276804178809081856,1;272698534028009472,1;273968158237392896,1;275242689778298880,1;279817199055675392,1;
sims	1	285672851850276866,1;
accident	15	
birmingham	3	280792018207244288,1;
suv	33	272793383997669376,1;273920716456472576,1;
benz	385	282791018418556928,1;279736702728273920,1;277521962643881984,1;275271256956362752,1;280831927018217472,1;274902112289316864,1;274087268069826560,1;282412567496892416,1;276146998510489601,1;274905727787749377,1;279736322724356096,1;276093764378951680,1;285436011788521473,1;284820663959703552,1;283334630462091264,1;280153741867507712,1;272698534028009472,1;284439393656266752,1;276781789689815041,1;276509952607154176,1;278177431704190977,1;283269585191448577,1;277841736376668160,1;273572962525917184,1;277920224395816961,1;275928643019083778,1;284722777313910786,1;280669888455004160,1;272401136911261696,1;283021831848472576,1;277065370714648576,1;284403037139779584,1;283082839451389954,1;272753152258887681,1;282130252858281984,1;274986547835715585,1;273926668194816001,1;
product	1	
brands	1	
nike	0	
topics	0	
beamer	339	282791018418556928,1;279736702728273920,1;277521962643881984,1;280831927018217472,1;274902112289316864,1;274087268069826560,1;276146998510489601,1;276093764378951680,1;284820663959703552,1;276852115522080769,1;283334630462091264,1;280153741867507712,1;272698534028009472,1;284439393656266752,1;276781789689815041,1;276509952607154176,1;278177431704190977,1;283269585191448577,1;277841736376668160,1;273572962525917184,1;277920224395816961,1;275928643019083778,1;284722777313910786,1;272401136911261696,1;283021831848472576,1;277065370714648576,1;283082839451389954,1;272753152258887681,1;282130252858281984,1;274986547835715585,1;273926668194816001,1;
favourite	2	
people	396	276944318894317568,1;273967553100001282,1;273519884930015233,1;283946552572125185,1;284036274585751552,1;277180118479294466,1;284169413719126016,1;284508305026584576,1;283234273773907968,1;278686860572766208,1;280431639413284865,1;284515612254937088,1;280549189623091200,1;277970086264971264,1;284170662778658817,1;285871754008731648,1;272046487511396352,1;281463979275083777,1;283089686317121536,1;282090721534672897,1;280485671490162689,1;283134143649431553,1;277293415035727873,1;284439393656266752,2;282001223358492672,1;283878178731212800,1;282708404089262080,1;283091074250072064,1;283570807538597890,1;272721162298089473,1;278440716533907456,1;282562995513589761,1;272116846960975872,1;281086785507950592,1;281148953574113281,1;280879473648357376,1;284806376193138688,1;283479325578248193,1;276403075646889984,2;281705757265768448,1;282909957194653696,1;283668055446392832,1;278687077405708289,1;284830726766088192,1;278045671817363456,1;277036799128371200,1;278035836212240385,1;279341917278457856,1;277283300672950272,1;280887434097610752,1;284874539106705408,1;276797476323852288,1;278290141053853696,1;280521994913595392,1;278495668153229312,1;278031512249696256,1;275797118059421696,1;282148963640029184,1;
tour	14	273721713513070592,1;272892075991785473,1;284998515057360896,1;277523075791204354,1;274560058392711168,1;
sale	23	273873161425125378,1;281166204650020865,1;282233986514817025,1;
appearance	0	
watch	133	279039246604582912,1;283778570487205889,2;279233775551008768,1;280517295502143488,1;278388501668569088,1;276732804350480384,1;273567195366301699,1;274179177220042752,1;277199189971185665,1;281761321853267968,1;272887495795015680,1;273933622329868288,1;285227658256732161,1;
songs	9	278355316347908097,1;
future	34	284677923422760960,1;281056133542711296,1;277222900380094464,1;281949327352557568,1;276752630833897473,1;275661952385183744,1;
report	16	278697644132560896,1;276705725907103745,1;281476658660265984,1;274248246661107712,1;283932671107801088,1;
buying	26	278388501668569088,1;282956862066941952,1;277519014073356288,1;
lease	2	
v8	27	279245452484952064,1;275179859083419649,1;280841074786828288,1;273605858452189184,1;281092963696771072,1;274247075259097088,1;277208883037081600,1;284805006643834880,1;272892919038492672,1;
wishlist	1	276037000027586562,1;
buy	96	279724569248550913,1;275025303196274688,1;277180118479294466,1;282669489340956673,1;277908105545805825,1;277050480943849472,1;282992329135104003,1;273768832059981824,1;272115326576123907,1;278325817791115264,1;278875120611758081,1;272880042541985794,1;276350296400228352,1;278059828688089089,1;273933622329868288,2;278340812415332352,1;278614524322541568,2;
branding	1	
girls	47	283999502388584448,1;272454788661260289,1;272744474252292096,1;280766613857378306,1;283734550163628032,1;272207469084807168,1;281857438523727872,1;278395720338382848,1;283817432584445952,1;285099597787963392,1;276786851312988160,1;284233960526077952,1;282408637182386177,1;
inside	11	
photos	34	283977076187480064,1;273811819762708480,1;282587439946674177,1;283932671107801088,1;273800813518934018,1;274046100967657473,1;
spur	22	274932357428043776,1;275621741592731648,1;275752655899488256,1;272612076827078656,1;
confused	1	
wish	60	282727542719401986,1;282993360904519680,1;284360062280011776,1;285815917802311680,1;276350296400228352,1;285483183657594880,1;
geoffrey	1	282232002483204096,1;
high	28	282791018418556928,1;275926034182963200,1;282636220125835265,1;
white	75	274932357428043776,1;277180118479294466,1;279233775551008768,1;279322443972214786,1;275926034182963200,1;272744474252292096,1;282941972283531264,1;282931901776424960,1;283734550163628032,1;284591646589460480,1;272006142526369794,1;281857438523727872,2;284300251509174272,1;279330382967623681,1;283015657837174785,1;
defective	0	
coupe	57	276714312050028544,1;285399020766117888,1;
helped	3	273721713513070592,1;285561550050295810,1;277976650350727168,1;
reply	1	
group	6	278890406794645504,1;272046487511396352,1;280403864748953600,1;
gifts	1	276037000027586562,2;
dreaming	2	272892919038492672,1;
mr	55	275283554865397761,2;278531154129321984,1;280435644994555904,1;285815917802311680,1;273611311051591680,1;276788672467185665,1;275791895786057728,1;282046920430600192,1;
like	550	275283554865397761,2;276601312903327744,1;273926269719158785,1;282534500448223232,2;275650183193321472,1;284675687862919168,1;277550035141529600,1;281900405003255808,1;284677923422760960,1;272130829545766912,1;283071023413329922,1;281088089932320769,1;285163924914057216,1;284348914226843648,1;282669489340956673,1;276521713431367680,1;278307582295306240,1;277273039077519360,1;276331212669341696,1;285790617748000769,1;276927956931211264,1;272046487511396352,2;282910636722249729,1;285063237349822464,1;279236803855261696,1;275750338970148865,1;276397608157708291,1;274313026474225664,1;274610591967092736,1;272336363158896640,1;280864676139630592,1;281608611438936065,1;278173983990497280,1;276432097936277504,1;285786645754699776,1;284755950043267073,1;274072457994973185,1;280386261229916160,1;282562995513589761,1;272116846960975872,1;276411663140388864,1;277962356187856897,1;277581848933183488,1;285260948455964672,1;276448981658255360,1;273637819031891969,1;283299092107505664,1;281447495664537600,1;281705757265768448,1;282928881885904897,1;274639313982074880,1;278634648588926976,1;275823072387420160,1;282986033455435776,1;283584831777026050,1;285747135398420480,1;273906669732376577,1;284714510357512192,1;272038480597614592,1;273186444837793792,1;283597219058290688,1;277804184793923584,1;280052147163389952,1;276010704568467457,1;285254854153216001,1;
filed	15	276705725907103745,1;276714312050028544,1;283932671107801088,1;
backgammon	1	282232002483204096,1;
bentley's	289	278306813059952640,1;283607285392089089,1;283049954652610560,1;271991772832485376,1;282335358513971201,1;277180118479294466,1;281088089932320769,1;282303477613461504,1;280006857072984065,1;285629900403126272,1;272785158988500992,1;285156757771259904,1;274650638586089472,1;277273039077519360,1;285602004091428866,1;284946023229566976,1;277272242176552960,1;272115326576123907,1;275024076148441089,1;276806498263375874,1;276369460196175872,1;281753419780329472,1;273234683511316480,1;281857438523727872,1;284300251509174272,1;278059828688089089,1;283547155858325505,1;281133455515992064,1;273185371087568899,1;271837804105981953,1;274539294788558848,1;277208883037081600,1;273163455853363200,1;283527748780179456,1;279098345660747776,1;279322036298469378,1;283750021743120385,1;
list	16	284018423636295680,1;282664531661029376,1;283598657687797762,1;281116749615755264,1;276350296400228352,1;279936814742118401,1;274567977263849472,2;273925183373451264,1;
christmas	42	282534500448223232,1;284249094329888769,1;283607285392089089,1;283325151335038976,1;283324431043031041,1;284018423636295680,1;282930465411846144,1;280275727885139968,1;272443973321256961,1;284205424884981760,1;278091171648131072,1;276060188967051265,1;283649786257743872,1;283334630462091264,1;283378427401236480,2;280870074200518656,1;281486288769658881,1;283134176297902080,1;272880042541985794,1;283517850231111681,1;277976650350727168,1;282155024388337665,1;277065370714648576,1;276167605092491264,1;282046920430600192,1;275021834515275777,1;283894448419635200,1;277894798508191744,1;283575794549264385,1;284798372102160384,1;280792018207244288,1;281552668307111936,1;283750021743120385,1;
prestige	0	
vilner	1	284000571994808320,1;
mulsanne	60	232969725343309824,1;282183461790437377,1;278916287730700288,1;275992786510168064,1;276858864153018369,1;279889353675792384,1;273674083013640193,1;
flying	34	275621741592731648,1;276397608157708291,1;278088931881398275,1;275752655899488256,1;272612076827078656,1;
parker	3	282232002483204096,1;
unattainable	0	
game	54	273177053774348289,1;276676999156748288,1;276071173886976000,1;274676211261792256,1;275437119013531649,1;278755452924338176,1;272415892447567873,1;284712459326087168,1;282183864439427072,1;281831760994656257,1;277161575486468096,1;
lawsuit	3	
steal	18	275283554865397761,1;278329886274383872,1;
truck	80	285531441398415360,1;283301835182309376,1;273254241538297857,1;275750338970148865,1;284391653781934080,1;284360062280011776,1;283801083183247360,1;285789170734088194,1;279830545326821376,1;284422783902031872,1;274072457994973185,1;285060976611565568,1;285101707501903872,1;281447495664537600,1;273797789790650368,1;283401017884803074,1;273832136954486784,1;
choose	6	274247075259097088,1;285095021789732865,1;
motors	9	273721713513070592,1;284249094329888769,2;277222900380094464,1;
ride	72	232969725343309824,1;272585929552695296,1;273155113357570048,1;274222468498067456,1;278634648588926976,1;278286361960792065,1;278329886274383872,1;280131574727581697,1;281855156822368256,1;
speed	103	283134566351384576,1;279135825952899072,1;275731296846770177,1;277222900380094464,1;282493933953642496,1;283139058434183168,1;284094571233824768,1;276776710320570368,1;283977076187480064,1;274179177220042752,1;284587062198411264,1;276752630833897473,1;283932671107801088,1;283852312433274880,1;272157317829627904,1;283982759477784576,1;
auction	5	273107579318697984,1;278753057964179456,1;
santa	21	273721713513070592,2;278564305895579649,1;278941334306447360,1;273967407461183488,1;283598657687797762,1;283453892501598208,1;282353725358628864,1;283734550163628032,1;283468135154212864,1;283584831777026050,1;283942703862018050,1;275021834515275777,1;280861459095896064,1;283467766063841280,1;283393925484519425,1;
pre-owned	2	278816358437896192,1;
award	4	278174880036421633,1;281133455515992064,1;
car	277	278553753047691266,1;278252982213177345,1;284588005946179584,1;283520652022018049,1;273100675519508481,1;284169413719126016,1;284508305026584576,1;273048183767187456,1;284018423636295680,1;276650908828446720,1;273640868341235714,1;281962891723288577,1;284515612254937088,1;280549189623091200,1;278790399886241793,1;273252421210357760,1;276333917647294464,1;276804178809081856,1;275179859083419649,1;284170662778658817,1;285871754008731648,1;284387904069980161,1;283128304251310080,1;282941972283531264,1;282931901776424960,1;283089686317121536,1;282992329135104003,1;280485671490162689,1;281365471859707904,1;282001223358492672,1;276393183171190784,1;283091074250072064,1;272739592044699648,1;276776710320570368,1;281983699308904450,1;281086785507950592,1;273572962525917184,1;280879473648357376,1;272110022836772864,1;273733650485501954,1;283668055446392832,1;285099597787963392,1;284830726766088192,1;284845843020935168,1;279889353675792384,1;285186495353065472,1;282775029685563392,1;278618580227072000,1;280887434097610752,1;278614524322541568,1;278487671796555776,1;280521994913595392,1;280887957999722496,1;274962850018103296,1;282148963640029184,1;280774230159806466,1;
street	9	275926034182963200,1;273920716456472576,1;
design	13	275691782308777985,1;278299628561113088,1;281133455515992064,1;
company	23	284249094329888769,1;274137960419565568,1;280431639413284865,1;280430336637276160,1;274219891966488576,1;274717356251545600,1;274136108852449281,1;276484589629870080,1;284102277080420353,1;273857441186320385,1;283322294997250049,1;285526510809526274,1;
expo	2	279254054759174144,1;
customisation	2	285526510809526274,1;
prestigious	1	281133455515992064,1;
historic	1	281133455515992064,1;
gt3	53	281176581362286592,1;281059241509388289,1;273640868341235714,1;276333917647294464,1;273791401853071361,1;281365471859707904,1;276910478335291392,1;273875644448899075,1;281416441029345280,1;273643552641273857,1;
priest	1	284798372102160384,1;
albanian	0	
ettore	1	273611311051591680,1;
bluetooth	3	275079309872463873,1;276094584696758272,1;
blackberry	2	272898958819483648,1;
bentley	9210	283134566351384576,1;278028217774903296,1;275283554865397761,1;276601312903327744,1;272994681649000449,1;282579232108969984,1;276351718277652481,1;280587508134334464,1;273721713513070592,2;277937710457552898,1;276983528145694721,1;276951805743738880,1;277999115076530176,1;272876468999172097,1;276760228161265664,1;278981784023212032,1;284249094329888769,2;280802231547228160,1;275650183193321472,1;278302188885905409,1;277495288518832128,1;282954030924312576,1;273519884930015233,1;275805091418750976,1;272032654688407552,1;285481430417551360,1;272220748268052480,1;273620088014393344,1;283999502388584448,1;275797571023290368,2;278750847574360065,1;275108283302440961,1;273853280419995648,1;279724569248550913,1;275025303196274688,1;276735081865965569,1;283041066914029568,1;281176581362286592,1;274649204159287296,1;275977796097036289,1;285793012695580672,1;272869611312140289,1;282861940789891073,1;280182648738021376,1;279996396482985984,1;283946552572125185,1;276181660221980672,1;274272161382944768,1;284036752748978176,1;283325151335038976,1;284036274585751552,1;278252982213177345,1;284588005946179584,1;279017517253525504,1;283520652022018049,1;283324431043031041,1;274932357428043776,1;272916818174287873,1;285210377749397506,1;282685741270704128,1;283260009599619072,1;285520861077848064,1;274300586189545472,1;272157452009607168,1;283518491968032768,1;284184564207849472,1;282791018418556928,1;277917353663143936,1;282166965584416768,1;276544261170798592,1;282671091472801794,1;283274047830237187,1;277941736993615872,1;278998592532926464,1;275277509334036481,1;284169413719126016,1;277911881929334784,1;232969725343309824,1;274137960419565568,1;274172341125279746,1;276106645082345472,1;275346184229507073,1;284802028692189184,1;273171320144027649,1;272420032229830656,1;278626176090664960,1;280653069325320192,1;281907393896525825,1;282183461790437377,1;278363767832719360,1;278306586919833600,1;278306679194529792,1;272102468916236290,1;274645940961411072,1;279736702728273920,1;277388928586240001,1;284727877566611456,1;278368503218724864,1;284354236400152576,1;284508305026584576,1;285569703756312576,1;278697644132560896,1;280508500029878273,1;285789665653563393,1;277217342935670784,1;278741741744574464,1;274033304158756866,1;284045254598991872,1;284064623907450880,1;278084110877069312,1;279245452484952064,1;273048183767187456,1;284675687862919168,1;281900405003255808,1;282311442596786176,1;274865751888896001,1;274280159920672769,1;280288475247427585,1;278063828997132288,1;278686860572766208,1;284181091336728577,1;275801832905904129,1;276634109365862402,1;284775017366048768,1;275269218763673601,1;276676999156748288,1;277521962643881984,1;285531441398415360,1;278892065591525377,1;284870735594397697,1;272630204621549568,1;276416033722605569,1;277804121849999361,1;284018423636295680,1;279370274976169984,1;280729393045848065,1;277258019300061184,1;274545677239980033,1;283367803204009984,1;280431639413284865,1;280102831132905472,1;278925695533588481,1;281059241509388289,1;272130829545766912,1;283071023413329922,1;276650908828446720,1;272355888742944768,1;285058799784587264,1;278340987720454145,1;272265409225453568,1;276690039222726656,1;282135202141175809,1;275977208869302272,1;282312004608339968,1;274272845062885376,1;282232002483204096,1;275271256956362752,1;278324988673654784,1;277441427829555200,1;135477788315627520,1;277843191821115392,1;276130099626139648,1;276839040421076992,1;273640868341235714,1;278685517112041472,1;280930577031495681,1;281962891723288577,1;282664531661029376,1;276548053668859905,1;280872028767154176,1;276527363142062080,1;280601152230404098,1;276725875364474880,1;283669843440459776,1;278564305895579649,1;284005668787220480,1;280831927018217472,1;280058409288626176,1;272243951170355200,1;281481930300608512,1;279932909379526657,1;272016150131523584,1;278355316347908097,1;277609903277867008,1;278502637060644864,1;283746779533553664,1;284515612254937088,1;281895271166795776,1;284348914226843648,1;276795341435723776,1;272454788661260289,1;272443973321256961,1;280549189623091200,1;271805055001305088,1;274911977292320768,1;274902112289316864,1;275986044283940864,1;279135825952899072,1;281554114851258370,1;276705725907103745,1;278681861310533634,1;279233775551008768,1;284068214214914048,1;274087268069826560,1;280527235985850369,1;272932014141886465,1;272551359751004160,1;272751159054315521,1;278790399886241793,2;278607846998937601,1;278941334306447360,1;276928565113655296,1;279866024927563777,1;282412567496892416,1;276146998510489601,1;278339562521112576,1;273647696630403072,1;274905727787749377,1;273636728504459264,1;279322443972214786,1;281906663752081408,1;273895231861166081,1;283349406974103552,1;285028583997595648,1;285796724658814978,1;275926034182963200,1;273873161425125378,1;281457159315808256,1;277970086264971264,1;275267955682594817,1;284759204835778560,1;282669489340956673,1;277164784099667970,1;277948921039441922,1;279692118237261824,1;277065219715526657,1;276875989508837376,1;285650251161948160,1;283990195999760385,1;276714312050028544,2;272668502786195457,1;276521713431367680,1;285090336156549120,1;278307582295306240,1;284876256036663296,1;276414448288268289,1;273258213548371968,1;283301835182309376,1;275974146524073984,1;280319026536800256,1;280045385978880004,1;278174880036421633,1;273273908663300096,1;272744474252292096,1;272892075991785473,1;276811151583612929,1;272386016436948996,1;283033768837644288,1;282312931574685697,1;276333917647294464,1;280522240557191168,1;281240024522047488,1;285672851850276866,1;274219891966488576,1;278531154129321984,1;277643094164389888,1;283742691295117313,1;276572670001287168,1;268603776460521472,1;276982654866427904,2;276327437439234048,1;279736322724356096,1;272453297279995904,1;277266303717355523,1;273107579318697984,1;280669674537095168,1;276071173886976000,1;272913429189234688,1;273254241538297857,1;271861439038377984,1;283597445567479809,1;284000571994808320,1;272963333030821888,1;275307927961731072,1;275798258889154562,1;276911041311563776,1;281476658660265984,1;277440962257620993,1;279349513192366081,1;275807385707237380,1;275691782308777985,1;276093764378951680,1;282607584911978496,1;285780354294489088,1;273851552375140353,1;278916287730700288,1;277954483475070977,1;274676211261792256,1;285525877486407682,1;276804178809081856,1;280517295502143488,1;285436011788521473,1;273889067534524416,1;283598657687797762,1;285790617748000769,1;280557179126300672,1;278217374073778177,1;273791401853071361,1;279071233683894272,1;280732320670040064,1;272867392495972352,1;277225362457497600,1;275179859083419649,1;281942259933540354,1;283060454702592001,1;273274646852431872,1;283655951909797888,1;285399020766117888,1;276748000330657792,1;284170662778658817,1;278558863807107074,1;272937517714661376,1;280364052390240256,2;284820663959703552,1;272764082602516480,1;275621741592731648,1;283242666135785473,1;276927956931211264,1;281005354693828608,1;279025368990633984,1;283001866953043968,1;280692814541635585,1;284885356908773376,1;278918626050973696,1;272447752376549376,1;280695003972505600,1;285871754008731648,1;284387904069980161,1;277545664655810560,1;276852115522080769,1;277908105545805825,1;282466912867328001,1;283334630462091264,1;283128304251310080,1;275685096579796992,1;278007944082251776,1;276135308960083969,1;283318763389087744,1;283953588097662976,1;279849100940300289,1;279236803855261696,1;276522953171144704,1;275731296846770177,1;276826790327095296,1;275750338970148865,1;280775991788466176,2;277450936295772160,1;275079309872463873,1;277222900380094464,1;276397608157708291,1;273250806407503873,1;281949327352557568,1;280435644994555904,1;281427993379868672,1;282993360904519680,1;274937927442763776,1;272033652962103296,1;282588743079174144,1;280870074200518656,1;279242688438607872,1;283222873219424256,1;284391653781934080,1;280476195039092736,1;275031519154827264,1;283453892501598208,1;274606452847554561,1;278299628561113088,1;282324881138405377,1;274313026474225664,1;274717356251545600,1;272455226013925376,1;279009980059885569,1;277070668120608770,1;278955256975589377,1;281163901985517568,1;274248246661107712,1;273761177723617280,1;278098720325787649,1;277106638467522560,1;276089943380611072,1;279069593715236865,1;280153741867507712,1;277078447665344512,1;282941972283531264,1;274610591967092736,1;282931901776424960,1;278476548493934592,1;285785861428240386,1;284360062280011776,1;273577953743482880,1;282401619348430849,1;277050480943849472,1;280051639660982272,1;283801083183247360,1;279235998548893699,1;276447876899540992,1;282450584433483776,1;280406386825916416,1;282397574063853569,1;272793383997669376,1;272216491066269696,1;273609692037664768,1;276431376511815680,1;272698534028009472,1;283089686317121536,1;274661665423908864,1;281443225846308865,1;271935992779386881,1;275437119013531649,1;283286794433343489,1;272192902292201472,1;272336363158896640,1;273768832059981824,1;275960582669225984,1;278965886184980481,1;275305637905309696,1;282353725358628864,1;284415597566119936,1;278088931881398275,1;276379203543396352,1;284852389675163649,1;279821389173755905,1;282090721534672897,1;284195429007122432,1;276107966321668096,1;276781412147937280,1;273860074399744000,1;272559975182774273,1;272652816097632256,1;278388501668569088,1;277370120471470080,1;280864676139630592,1;281116749615755264,1;284157895027859457,1;273923878970068992,1;273225833546674176,1;283304427257987073,1;280841074786828288,1;276126987452559360,1;272125986349412352,1;273277826105499648,1;285594785677447170,1;284094504120766466,1;278326017205092352,1;281945187561918464,1;282493933953642496,1;277173806047584256,1;278977679724777473,1;275740943750156288,1;277819091346145282,1;277596621242503168,1;276025317548761088,2;273968158237392896,1;279488717926854656,1;281407971609681921,1;272777605030236161,1;272724773606420480,1;276734511432208384,1;278232968491843584,1;282006285979901952,1;273639475526123520,1;280485671490162689,1;274014064869515264,1;274136108852449281,1;278325817791115264,1;275252181471473664,1;277257564767543296,1;275984494492798977,1;284732134797742080,1;277567907037315072,1;284439393656266752,1;283139058434183168,1;281404910883442689,1;281486288769658881,1;273114265060261888,1;281399328281604096,1;281792519111589889,1;277920551673163776,1;285826541949161473,1;281166204650020865,1;283734550163628032,1;281177114022125569,1;282001223358492672,1;276116761768779776,1;285789170734088194,1;275643342266724352,1;285081675497619459,1;282956862066941952,1;279263538344771585,1;273920716456472576,1;278173983990497280,1;281526541492568064,1;282905732179976192,1;281073934156312577,1;281482320974860288,1;285182808564060161,2;283878178731212800,1;277046173381038080,1;275695242588594176,1;284591646589460480,1;276910478335291392,1;272186887672823808,1;278368041832681472,1;273605858452189184,1;276393183171190784,1;285098918298152960,1;276226732225351680,1;275127564517904384,1;272265761551159297,1;281583743431479296,1;280349301035642881,2;278311066440704000,1;282708404089262080,1;278570186330755072,1;278755452924338176,1;276130435187216385,1;276432097936277504,1;285786645754699776,1;276058041487601664,1;277245322533670913,1;278875120611758081,1;283091074250072064,1;276071870103695361,1;272739592044699648,1;279830545326821376,1;275064117348405248,1;278656077292257280,1;276743193641512960,1;276319606690430976,1;284422783902031872,1;284841849401782272,1;279370887365541888,1;272015940412112897,1;283920185495257088,1;274961038078775297,1;275752655899488256,1;284316229748011009,1;276777662435979265,1;283173103633321985,1;274595475129266176,1;280595447909842945,1;276037000027586562,1;285815917802311680,1;272760450356228099,1;273265721352544256,1;276781789689815041,2;272396590273138688,1;272006142526369794,1;283027217322237953,1;274072457994973185,1;279324477379190785,1;281342763860103168,1;283267739710263296,1;272405056207323136,1;280020031281184768,1;279744050377138176,1;278329218138525697,1;105408590931689472,1;280386261229916160,1;272309948527017984,1;281537469235724289,1;273155113357570048,2;276908054967095297,1;277205524523651072,1;281459025802039297,1;275293428257001472,1;275721998062215168,1;281833208633495552,1;273917398778793984,1;274814652670689280,1;273567195366301699,1;285060976611565568,1;273609020949016576,1;282284649353445376,1;272486327390466048,1;274618963705602048,1;276509952607154176,1;273263347124809731,1;284094571233824768,1;276776710320570368,1;278440716533907456,1;285166551445934080,1;280552376631427072,1;272116846960975872,1;282536613807017984,1;280035776811634688,1;278177431704190977,1;284826196284420096,1;276347100344766465,1;280021724337172480,1;277979963871854592,1;284543548538355712,1;278175712056336384,1;283853344211079168,1;285508093641629696,1;277221858879864834,1;277828115554770944,1;281983699308904450,1;283647461501837312,1;283269585191448577,1;281086785507950592,1;281779038605934592,1;274244000834281472,1;276728777835429888,1;280037806842195968,1;278691544301719552,1;283258758350647296,1;275180404351324161,1;283977076187480064,2;274631354384252929,1;278641418178818048,1;272365611156393987,1;274668632167030784,1;276937440252538880,3;281825947680923648,1;280885052072673280,1;273611311051591680,1;274555016839327747,1;272612076827078656,1;282943834588057600,1;284123507741315073,1;285865976812163072,1;273660497662967808,1;284989090460491776,1;275088440062775296,1;275992786510168064,1;278985237885747200,1;278307237007613953,1;276350296400228352,1;285283358639001600,1;281148953574113281,1;284847327158603776,1;273811819762708480,1;277841736376668160,1;285443199370133504,1;278954443289010177,1;277950201107447808,1;274179177220042752,1;283055285621383169,1;278307119600635904,1;282616273580457984,1;277154034106892288,1;273721407324688384,1;273167989887606784,1;283517850231111681,1;285172283797016577,1;276411663140388864,1;279937382621519873,1;278206041039200256,1;282105224297062400,1;274489657021054977,1;277523075791204354,1;276568588977049600,1;281639536033943552,1;283586850755575808,1;283659877765746690,1;282142919652167681,1;281092963696771072,1;273572962525917184,1;282966932611792896,1;285101707501903872,1;284817262383362048,1;279179870360199169,1;271946483417366528,1;285484932678168577,1;276094584696758272,1;278485251670540288,1;280879473648357376,1;272083418379067392,1;274180033512345600,1;281036562911875073,1;278395720338382848,1;282071608099762176,1;279914058113761281,1;285066219495759873,1;283149716185829376,1;272445839803289600,1;275753304645062657,1;281277815071072256,1;284102277080420353,1;278521796637097984,1;281730799919833089,1;274989772232073217,1;284123507741323264,1;277104487037022209,1;275631094907416576,1;277127115059638272,1;280609465315758080,1;284119816770576386,1;276448981658255360,1;279202326655414272,1;272110022836772864,1;284481332195770368,1;283626260410822656,1;272078724961271810,1;278982654173519872,1;285560437431476224,1;283350367473897472,1;282878440644939776,1;282224339464634368,1;278677707326386176,1;278307132170981376,1;281617935368351744,1;277604796414963712,1;283299092107505664,1;271934640107974656,1;282565831303512066,1;281447495664537600,1;277210690782117888,1;282719481246130176,1;272415892447567873,1;284487162299285504,1;281287759761653761,1;279330382967623681,1;279913303118057474,1;282666960372772864,1;282575318848503809,1;281947955798347776,1;274601809635581952,1;280029938340491265,1;281833631654236160,1;283479325578248193,1;285038080153509888,1;274247075259097088,1;276705868546985984,1;284431965262864385,1;276166339238965248,1;279013184533303298,1;277839358210490370,1;280411838087303168,1;277519014073356288,1;276734006064721920,1;284161940148871169,1;284587062198411264,1;283817432584445952,1;272104062718197761,1;280394587246309376,1;283468135154212864,1;284085686368362496,1;273797789790650368,1;284712459326087168,1;272821611680395265,1;283429417546559490,1;274491112440352768,1;274072080520183808,1;277920224395816961,1;273053825122852864,1;277976650350727168,1;275124657684897792,1;281871724977471488,1;275928643019083778,1;279124400673017857,1;277596432511414272,1;273839216943837184,1;274222468498067456,1;279340407337414657,1;272347202330976256,1;281594048815443968,1;281790652612743168,1;275138809442742272,1;276059966685720577,1;273733650485501954,1;273875644448899075,1;280774137906089984,1;285449104925024256,1;282975090545659904,1;282500156912439296,1;276523252736737280,1;277987383604019201,1;284722777313910786,1;277416593330421761,1;282909957194653696,1;278634648588926976,1;279043402631348225,1;282543391777124352,1;275242689778298880,1;283668055446392832,1;282225828429971456,1;278084993450930177,1;281479003242639361,1;285809714414104577,1;278687077405708289,1;278044304503623680,1;275823072387420160,1;276271471410692097,1;281416441029345280,1;283226287374487552,1;280669888455004160,1;282986033455435776,1;275194040054603776,1;278697089209360385,1;275044588593500161,1;283584831777026050,1;279331775472340992,1;272572134486835200,1;281005952872894465,1;278641728557289472,1;278286361960792065,1;272401136911261696,2;282155024388337665,1;273669968376246272,1;278835668988350464,1;273857441186320385,1;278527042281168896,1;285587001061826560,1;274567977263849472,1;278153616450260993,1;280403864748953600,1;276191827202293760,1;276146704909213696,1;283021831848472576,1;284830726766088192,1;278045671817363456,1;280601693262069760,1;282587439946674177,1;276795672785723393,1;284318166832779264,1;283401017884803074,1;274034256278343680,1;273643552641273857,1;284555784161996801,1;273312727408209920,1;273832136954486784,1;276958839587356673,1;283242930410504192,1;280533670069166080,1;276786851312988160,1;285281844465905665,1;276858864153018369,1;279181904589250560,1;278648313593618433,2;283322294997250049,1;282191334503239680,1;277065370714648576,1;277299614221205504,1;282964508295712768,1;284403037139779584,1;280716415877664769,1;283082839451389954,1;276555175571910656,1;285747135398420480,1;277899898790240256,1;278997765172903936,1;280756203410321408,1;282148598735585281,1;278316057448546304,1;273906669732376577,1;276039641105321984,1;275318023655661568,1;284714510357512192,1;272147402486583296,1;284227006374240257,1;284845843020935168,1;283932671107801088,1;278907496435957760,1;277480720056856576,1;283852312433274880,1;275974787426304000,1;279028757858242562,1;280215339151794176,1;273891973834878976,1;272753152258887681,1;277208883037081600,1;275791895786057728,1;280887186948247553,1;276167605092491264,1;276453472096878592,1;283942703862018050,1;278686272061591553,1;276427333173391360,1;284023075127848961,1;278035836212240385,1;273913355452948480,1;280589995352403968,1;279889353675792384,1;280710254445084673,1;273647422692012032,1;272157317829627904,1;272038480597614592,1;277258400994312192,1;279790640966017024,1;285328237658263552,1;278626289043271680,1;278383200047362048,1;276003943383969792,1;279118490567331840,1;278943970120314880,1;275649717269057537,1;272636944851288065,1;274656980398903296,1;284233960526077952,1;280808501826183168,1;279294823649902592,1;282637574894415872,1;282130252858281984,1;275690121335017472,1;281658515297292288,1;281098949002133504,1;277938452840980481,1;285855239381319680,1;282046920430600192,1;280880778076905472,1;279817199055675392,1;282746094109208576,1;279341917278457856,1;280402191796301824,1;285186495353065472,1;282775029685563392,1;274986547835715585,1;277227730670600192,1;283597219058290688,1;275021834515275777,1;275990261564309504,1;278618580227072000,1;281171292340772864,1;276097606357221376,1;273800813518934018,1;284805006643834880,1;273933622329868288,1;278030681391656960,1;278340812415332352,1;285145244402606081,1;280887434097610752,1;273772493968404480,1;278614524322541568,1;278290141053853696,1;278487671796555776,1;277804184793923584,1;281545160020598785,1;275668591972585472,1;280342946673467392,1;278699312190480384,1;277161575486468096,1;284104057768005632,1;282408637182386177,1;285002218627817472,1;285440194822426624,1;278898805859049473,1;276529986377228288,1;273218313138610176,1;271985259053199361,1;283213048834031617,1;280859240317468676,1;280521994913595392,1;280861459095896064,1;278307140572151808,1;280732069036961792,1;285720806292590593,1;274560058392711168,1;273926668194816001,1;285526510809526274,1;283044202022051841,1;281469489349001217,1;283894448419635200,1;283324582943944704,1;285558786003980289,1;278753057964179456,1;283015657837174785,1;277417008579104769,1;281462200865026048,1;281780254954110976,1;283982759477784576,1;277590686331699200,1;280052147163389952,1;278337423438667776,1;276817294422863873,1;283701594313330689,1;285226794238476290,1;272559702569799680,1;274632657634205696,1;283467766063841280,1;274866766876930048,1;278329886274383872,1;281853512671973377,1;272043598931951616,1;278495668153229312,1;278031512249696256,1;277894798508191744,1;285346919092457472,1;281127503798628352,1;281253270029209600,1;280131574727581697,1;276709383365357569,1;282233986514817025,1;275058576588959744,1;276010704568467457,1;280391697421193216,1;273674083013640193,1;280887957999722496,1;278557468001435650,1;272905862681600000,1;283575794549264385,1;274962850018103296,1;275797118059421696,1;284281498801143808,1;285041225642438658,1;284888620085673984,1;272908945495052288,1;279724131623264257,1;282148963640029184,1;285059108170776576,1;285227658256732161,1;277694235795410944,1;277846265746817025,1;275964036523364352,1;282118596891639808,1;278017385447964672,1;280022375997792256,1;272093031719636992,1;284798372102160384,1;281762554970243072,1;271846272422539265,1;283419632222752768,1;280774230159806466,1;272764035747950592,1;279066850657202176,1;281855156822368256,1;280792018207244288,1;283393925484519425,1;278256249747939329,1;276886101984165888,1;272937294762237952,1;274270882111823872,1;274046100967657473,1;278335733142548482,1;277281699916836864,1;284051181901332480,1;274893853721509888,3;277856747790680064,1;282160487012106241,1;
luxury	11	276037000027586562,1;279254054759174144,1;
magazine	8	
airbag	0	
bugatti	35	273620088014393344,1;274137960419565568,1;280431639413284865,1;274219891966488576,1;274717356251545600,1;284195429007122432,1;274014064869515264,1;274136108852449281,1;282284649353445376,1;275180404351324161,1;273611311051591680,1;282878440644939776,1;281871724977471488,1;278697089209360385,1;280403864748953600,1;273913355452948480,1;278030681391656960,1;277590686331699200,1;280391697421193216,1;282160487012106241,1;
promotion	0	
